0        6      0       2       2        1            1            1          "Bronze Boots"                       12      4         10          34           0          80            20             0           0             0               0      0       1       0       1       1       0       0
1        6      0       2       2        1            1            1          "Dragon Boots"                       54      15        2           68           0          120           30             0           0             0               0      0       1       0       1       0       0       0
2        6      0       2       2        1            1            1          "Pad Boots"                          4       3         10          28           0          20            0              0           0             0               0      1       0       0       1       0       0       0
3        6      0       2       2        1            1            1          "Legendary Boots"                    46      12        0           42           0          30            0              0           0             0               0      1       0       0       1       0       0       0
4        6      0       2       2        1            1            1          "Bone Boots"                         16      6         6           30           0          30            0              0           0             0               0      1       0       0       1       0       0       0
5        6      0       2       2        1            1            1          "Leather Boots"                      5       2         12          30           0          80            0              0           0             0               0      0       1       0       1       1       0       0
6        6      0       2       2        1            1            1          "Scale Boots"                        22      8         8           40           0          110           0              0           0             0               0      0       1       0       1       1       0       1
7        6      0       2       2        1            1            1          "Sphinx Boots"                       30      9         8           36           0          30            0              0           0             0               0      1       0       0       1       0       0       0
8        6      0       2       2        1            1            1          "Brass Boots"                        32      10        6           44           0          100           30             0           0             0               0      0       1       0       1       0       0       1
9        6      0       2       2        1            1            1          "Plate Boots"                        42      12        4           50           0          130           0              0           0             0               0      0       1       0       1       0       0       1
10       6      0       2       2        1            1            1          "Vine Boots"                         5       2         0           22           0          30            60             0           0             0               0      0       0       1       0       0       0       0
11       6      0       2       2        1            1            1          "Silk Boots"                         15      4         0           26           0          30            70             0           0             0               0      0       0       1       0       0       0       0
12       6      0       2       2        1            1            1          "Wind Boots"                         27      7         0           32           0          30            80             0           0             0               0      0       0       1       0       0       0       0
13       6      0       2       2        1            1            1          "Spirit Boots"                       40      10        0           38           0          40            80             0           0             0               0      0       0       1       0       0       0       0
14       6      0       2       2        1            1            1          "Guardian Boots"                     52      16        0           45           0          40            80             0           0             0               0      0       0       1       0       0       0       0
15       6      0       2       2        1            1            1          "Storm Crow Boots"                   72      22        2           80           0          150           70             0           0             0               0      0       0       0       1       0       0       0
16       6      0       2       2        1            1            1          "Black Dragon Boots"                 78      24        2           74           0          170           60             0           0             0               0      0       1       0       0       0       0       0
17       6      0       2       2        1            1            1          "Dark Phoenix Boots"                 93      40        2           80           0          198           60             0           0             0               0      0       2       0       0       0       0       0
18       6      0       2       2        1            1            1          "Grand Soul Boots"                   76      22        0           67           0          59            10             0           0             0               0      2       0       0       0       0       0       0
19       6      0       2       2        1            1            1          "Divine Boots"                       81      30        0           74           0          50            110            0           0             0               0      0       0       2       0       0       0       0
20       6      0       2       2        1            1            1          "Thunder Hawk Boots"                 92      37        2           82           0          150           70             0           0             0               0      0       0       0       1       0       0       0
21       6      0       2       2        1            1            1          "Great Dragon Boots"                 98      50        0           86           0          200           58             0           0             0               0      0       2       0       0       0       0       0
22       6      0       2       2        1            1            1          "Dark Soul Boots"                    95      31        0           75           0          55            18             0           0             0               0      2       0       0       0       0       0       0
23       6      0       2       2        1            1            1          "Hurricane Boots"                    110     50        0           90           0          162           66             0           0             0               0      0       0       0       1       0       0       0
24       6      0       2       2        1            1            1          "Red Spirit Boots"                   87      40        0           80           0          52            115            0           0             0               0      0       0       2       0       0       0       0
25       6      0       2       2        1            1            1          "Light Plate Boots"                  45      13        0           42           0          70            20             0           0             0               0      0       0       0       0       1       0       0
26       6      0       2       2        1            1            1          "Adamantine Boots"                   60      20        0           56           0          77            21             0           0             0               0      0       0       0       0       1       0       0
27       6      0       2       2        1            1            1          "Dark Steel Boots"                   83      25        0           70           0          84            22             0           0             0               0      0       0       0       0       1       0       0
28       6      0       2       2        1            1            1          "Dark Master Boots"                  95      33        0           78           0          80            21             0           0             0               0      0       0       0       0       1       0       0
29       6      0       2       2        1            1            1          "Dragon Knight Boots"                119     63        0           90           380        170           60             0           0             0               0      0       2       0       0       0       0       0
30       6      0       2       2        1            1            1          "Venom Mist Boots"                   119     47        0           86           380        44            15             0           0             0               0      2       0       0       0       0       0       0
31       6      0       2       2        1            1            1          "Sylphid Ray Boots"                  119     53        0           86           380        38            80             0           0             0               0      0       0       2       0       0       0       0
32       6      0       2       2        1            1            1          "Volcano Boots"                      131     61        0           95           380        145           60             0           0             0               0      0       0       0       1       0       0       0

33       6      0       2       2        1            1            0          "Sunlight Boots"                     121     44        0           82           380        62            16             0           0             0               0      0       0       0       0       1       0       0
34       6      0       2       2        1            1            0          "Ashcrow Boots"                      68      19        0           72           0          160           50             0           0             0               0      0       1       0       0       0       0       0
35       6      0       2       2        1            1            0          "Eclipse Boots"                      68      17        0           54           0          53            12             0           0             0               0      1       0       0       0       0       0       0
36       6      0       2       2        1            1            0          "Iris Boots"                         68      23        0           59           0          50            70             0           0             0               0      0       0       1       0       0       0       0
37       6      0       2       2        1            1            0          "Valiant Boots"                      98      29        0           81           0          155           50             0           0             0               0      0       0       0       1       0       0       0
38       6      0       2       2        1            1            0          "Glorious Boots"                     98      29        0           74           0          80            21             0           0             0               0      0       0       0       0       1       0       0

39       6      0       2       2        1            1            0          "Violent Wind Boots"                 26      11        0           36           0          27            0              0           0             0               0      0       0       0       0       0       1       0
40       6      0       2       2        1            1            0          "Red Wing Boots"                     46      15        0           42           0          25            4              0           0             0               0      0       0       0       0       0       1       0
41       6      0       2       2        1            1            0          "Ancient Boots"                      65      21        0           54           0          53            16             0           0             0               0      0       0       0       0       0       1       0
42       6      0       2       2        1            1            0          "Demonic Boots"                      76      28        0           67           0          60            10             0           0             0               0      0       0       0       0       0       2       0
43       6      0       2       2        1            1            0          "Storm Blitz Boots"                  95      38        0           75           380        57            20             0           0             0               0      0       0       0       0       0       2       0
44		 6		0		2		2		 1		      1			   0	      "Lilium Boots"					   96	   51	     0	         86	          0		 	 84			   27  	  		  0		      0			    0			    4	   0	   0	   0	   0	   0  	   2	   0
45       6      0       2       2        1            1            0          "Titan Boots"                        96      57        0           86           380        222           32             0           0             0               0      0       1       0       0       0       0       0
46       6      0       2       2        1            1            0          "Brave Boots"                        93      45        0           86           380        74            162            0           0             0               0      0       1       0       0       0       0       0
47       6      0       2       2        1            1            0          "Phantom Boots"                      97      54        0           86           380        212           57             0           0             0               0      0       0       0       1       0       0       0
48       6      0       2       2        1            1            0          "Destroy Boots"                      94      44        0           86           380        62            19             165         0             0               0      0       0       0       1       0       0       0
49       6      0       2       2        1            1            0          "Seraphim Boots"                     97      42        0           86           380        55            197            0           0             0               0      0       0       1       0       0       0       0
50       6      0       2       2        1            1            0          "Divine Boots"                       92      35        0           86           380        32            29             138         0             0               0      0       0       1       0       0       0       0
51       6      0       2       2        1            1            0          "Royal Boots"                        98      38        0           86           380        105           38             0           0             0               0      0       0       0       0       1       0       0
52       6      0       2       2        1            1            0          "Hades Boots"                        94      34        0           86           380        60            15             181         0             0               0      1       0       0       0       0       0       0
53		 6		0		2		2		 1		      1	           0	      "Queen Boots"						   97	   98	     7			 86		      380		 65		       15		      0			  0				0				0      0       0       0       0       0       2       0
59       6      0       2       2        1            1            0          "Sacred Boots"                       50      20        0           52           0          85            0              0           75            0               0      0       0       0       0       0       0       1
60       6      0       2       2        1            1            0          "Storm Hard Boots"                   62      28        0           68           0          100           0              0           90            0               0      0       0       0       0       0       0       1
61       6      0       2       2        1            1            0          "Piercing Boots"                     82      36        0           82           0          115           0              0           100           0               0      0       0       0       0       0       0       1
62       6      0       2       2        0            0            0          "Lucky Scale Boots"                  22      12        8           255          1          0             0              0           0             0               0      0       1       0       0       1       0       1
63       6      0       2       2        0            0            0          "Lucky Silk Boots"                   15      7         0           255          1          0             0              0           0             0               0      0       0       1       0       0       0       0
64       6      0       2       2        0            0            0          "Lucky Sphinx Boots"                 30      13        8           255          1          0             0              0           0             0               0      1       0       0       1       0       0       0
65       6      0       2       2        0            0            0          "Lucky Violent Wind Boots"           26      15        0           255          1          0             0              0           0             0               0      0       0       0       0       0       1       0
66       6      0       2       2        0            0            0          "Lucky Dark Soul Boots"              60      25        0           255          150        0             0              0           0             0               0      0       0       0       0       1       0       0
67       6      0       2       2        0            0            0          "Lucky Dragon Boots"                 54      20        2           255          150        0             0              0           0             0               0      0       1       0       0       0       0       0
68       6      0       2       2        0            0            0          "Lucky Guardian Boots"               52      23        0           255          150        0             0              0           0             0               0      0       0       1       0       0       0       0
69       6      0       2       2        0            0            0          "Lucky Legendary Boots"              46      17        0           255          150        0             0              0           0             0               0      1       0       0       0       0       0       0
70       6      0       2       2        0            0            0          "Lucky Red Wing Boots"               46      17        0           255          150        0             0              0           0             0               0      0       0       0       0       0       1       0
71       6      0       2       2        0            0            0          "Lucky Atlans Boots"                 72      27        2           255          150        0             0              0           0             0               0      0       0       0       1       0       0       0
72       6      0       2       2        0            0            0          "Lucky Storm Hard Boots"             62      20        0           255          150        0             0              0           0             0               0      0       0       0       0       0       0       1
73		 6		0		2		2		 1		      1	           0	      "Phoenix Soul Boots"		           119	   57	     0	         88		      380		 97		       0		      0	          85	        0		        0      0       0       0       0       0       0       1	
74       6      0       2       2        1            1            0          "Hollow Boots [C]"                   98      50        0           86           0          200           58             0           0             0               0      2       2       2       1       1       1       1
75       6      0       2       2        1            1            0          "Hollow Lady Boots [C]"              98      50        0           86           0          200           58             0           0             0               0      2       2       2       1       1       1       1
76       6      0       2       2        1            1            0          "Santa Boots [C]"                    77      30        0           86           0          200           58             0           0             0               0      2       2       2       1       1       1       1
77       6      0       2       2        1            1            0          "Santa Girl Boots [C]"               77      30        0           86           0          200           58             0           0             0               0      2       2       2       1       1       1       1
78       6      0       2       2        1            1            0          "San Valentin [M] Boots"             77      30        0           86           0          200           58             0           0             0               0      2       2       2       1       1       1       1
79       6      0       2       2        1            1            0          "San Valentin [F] Boots"             77      30        0           86           0          200           58             0           0             0               0      2       2       2       1       1       1       1
150      6      0       2       2        1            1            0          "San Valentin [M] Boots"             77      30        0           86           0          200           58             0           0             0               0      2       2       2       1       1       1       1
151      6      0       2       2        1            1            0          "San Valentin [F] Boots"             77      30        0           86           0          200           58             0           0             0               0      2       2       2       1       1       1       1
152      6      0       2       2        1            1            0          "Hollow Boots 2022 [C]"              98      50        0           86           0          200           58             0           0             0               0      2       2       2       1       1       1       1
153      6      0       2       2        1            1            0          "Hollow Lady Boots 2022 [C]"         98      50        0           86           0          200           58             0           0             0               0      2       2       2       1       1       1       1
154      6      0       2       2        1            1            0          "Snow Christmas Boots 2022 [C]"      77      30        0           86           0          200           58             0           0             0               0      2       2       2       1       1       1       1
155      6      0       2       2        1            1            0          "Aniversary 2023 Boots [E]"      	   77      30        0           86           0          200           58             0           0             0               0      2       2       2       1       1       1       1
156      6      0       2       2        1            1            0          "Aniversary 2023 Girl Boots [E]"     77      30        0           86           0          200           58             0           0             0               0      2       2       2       1       1       1       1
157      6      0       2       2        1            1            0          "Easter Bunny Girl Boots [C]"        77      30        0           86           0          200           58             0           0             0               0      2       2       2       1       1       1       1
158      6      0       2       2        1            1            0          "Easter Bunny Boots [C]"      	   77      30        0           86           0          200           58             0           0             0               0      2       2       2       1       1       1       1