0        1      24      2       3        1            1            1          "Short Bow"                          2       3           5           30            20           0                 0                 0          10            10             0           0             0               0      0       0       1       0       0       0       0
1        1      24      2       3        1            1            1          "Bow"                                8       9           13          30            24           0                 0                 0          20            10             0           0             0               0      0       0       1       0       0       0       0
2        1      24      2       3        1            1            1          "Elven Bow"                          16      17          24          30            28           0                 0                 0          20            10             0           0             0               0      0       0       1       0       0       0       0
3        1      24      2       3        1            1            1          "Battle Bow"                         26      28          37          30            36           0                 0                 0          20            10             0           0             0               0      0       0       1       0       0       0       0
4        1      24      2       4        1            1            1          "Tiger Bow"                          40      42          52          30            43           0                 0                 0          20            20             0           0             0               0      0       0       1       0       0       0       0
5        1      24      2       4        1            1            1          "Silver Bow"                         56      59          71          40            48           0                 0                 0          20            30             0           0             0               0      0       0       1       0       0       0       0
6        1      24      2       4        1            1            0          "Chaos Nature Bow"                   75      88          106         35            68           0                 0                 0          30            40             0           0             0               0      0       0       1       0       0       0       0
7        1      0       1       1        0            0            0          "Bolt"                               0       0           0           0             255          0                 0                 0          0             0              0           0             0               0      0       0       1       0       0       0       0
8        0      24      2       2        1            1            1          "Crossbow"                           4       5           8           40            22           0                 0                 0          10            50             0           0             0               0      0       0       1       0       0       0       0
9        0      24      2       2        1            1            1          "Golden Crossbow"                    12      13          19          40            26           0                 0                 0          20            50             0           0             0               0      0       0       1       0       0       0       0
10       0      24      2       2        1            1            1          "Arquebus"                           20      22          30          40            31           0                 0                 0          20            50             0           0             0               0      0       0       1       0       0       0       0
11       0      24      2       3        1            1            1          "Light Crossbow"                     32      35          44          40            40           0                 0                 0          20            50             0           0             0               0      0       0       1       0       0       0       0
12       0      24      2       3        1            1            1          "Serpent Crossbow"                   48      50          61          40            45           0                 0                 0          20            60             0           0             0               0      0       0       1       0       0       0       0
13       0      24      2       3        1            1            1          "Bluewing Crossbow"                  68      68          82          40            56           0                 0                 0          30            65             0           0             0               0      0       0       1       0       0       0       0
14       0      24      2       3        1            1            1          "Aquagold Crossbow"                  72      78          92          30            60           0                 0                 0          40            70             0           0             0               0      0       0       1       0       0       0       0
15       0      0       1       1        0            0            0          "Arrow"                              0       0           0           0             255          0                 0                 0          0             0              0           0             0               0      0       0       1       0       0       0       0
16       0      24      2       4        1            1            1          "Saint Crossbow"                     84      102         127         35            72           0                 0                 0          40            80             0           0             0               0      0       0       1       0       0       0       0
17       1      24      2       4        1            1            1          "Celestial Bow"                      92      127         155         35            76           0                 0                 0          44            95             0           0             0               0      0       0       2       0       0       0       0
18       0      24      2       3        1            1            0          "Divine Crossbow of Archangel"       100     224         246         45            200          0                 0                 0          30            95             0           0             0               0      0       0       1       0       0       0       0
19       0      24      2       3        1            1            1          "Great Reign Crossbow"               100     150         172         40            80           0                 0                 0          51            185            0           0             0               0      0       0       2       0       0       0       0
20       1      24      2       4        1            1            1          "Arrow Viper Bow"                    135     166         190         45            86           0                 0                 0          42            145            0           0             0               0      0       0       2       0       0       0       0
21       1      24      2       4        1            1            1          "Sylph Wind Bow"                     147     177         200         45            93           0                 0                 380        36            110            0           0             0               0      0       0       2       0       0       0       0
22       1      24      2       4        1            1            0          "Albatross Bow"                      110     155         177         45            70           0                 0                 0          50            165            0           0             0               0      0       0       2       0       0       0       0
23       1      24      2       4        1            1            0          "Dark Stinger"                       134     162         184         45            80           0                 0                 380        22            109            0           0             0               0      0       0       2       0       0       0       0
24       1      24      2       4        1            1            0          "Aileen Bowr"                        147     170         194         45            88           0                 0                 0          39            126            0           0             0               0      0       0       2       0       0       0       0
25       1      24      2       4        1            1            0          "Halloween Bow [C]"                  90      100         200         45            93           0                 0                 380        36            110            0           0             0               0      0       0       2       0       0       0       0
26       1      24      2       4        1            1            0          "Christmas Bow [C]"                  90      100         200         45            93           0                 0                 380        36            110            0           0             0               0      0       0       2       0       0       0       0
150      1      24      2       4        1            1            0          "Aniversary 2023 Bow [E]"            90      100         200         45            93           0                 0                 380        36            110            0           0             0               0      0       0       2       0       0       0       0
151      1      24      2       4        1            1            0          "Easter Bunny Bow [C]"               90      100         200         45            93           0                 0                 380        36            110            0           0             0               0      0       0       2       0       0       0       0