0        4      0       2       2        1            1            1          "Bronze Pants"                       15      10        0              34           0          80            20             0           0             0               0      0       1       0       1       1       0       0
1        4      0       2       2        1            1            1          "Dragon Pants"                       55      26        0              68           0          120           30             0           0             0               0      0       1       0       1       0       0       0
2        4      0       2       2        1            1            1          "Pad Pants"                          8       5         0              28           0          30            0              0           0             0               0      1       0       0       1       0       0       0
3        4      0       2       2        1            1            1          "Legendary Pants"                    53      20        0              42           0          40            0              0           0             0               0      1       0       0       1       0       0       0
4        4      0       2       2        1            1            1          "Bone Pants"                         20      10        0              30           0          40            0              0           0             0               0      1       0       0       1       0       0       0
5        4      0       2       2        1            1            1          "Leather Pants"                      8       7         0              30           0          80            0              0           0             0               0      0       1       0       1       1       0       0
6        4      0       2       2        1            1            1          "Scale Pants"                        25      14        0              40           0          110           0              0           0             0               0      0       1       0       1       1       0       1
7        4      0       2       2        1            1            1          "Sphinx Pants"                       34      15        0              36           0          40            0              0           0             0               0      1       0       0       1       0       0       0
8        4      0       2       2        1            1            1          "Brass Pants"                        35      18        0              44           0          100           30             0           0             0               0      0       1       0       1       0       0       1
9        4      0       2       2        1            1            1          "Plate Pants"                        45      22        0              50           0          130           0              0           0             0               0      0       1       0       1       0       0       1
10       4      0       2       2        1            1            1          "Vine Pants"                         8       6         0              22           0          30            60             0           0             0               0      0       0       1       0       0       0       0
11       4      0       2       2        1            1            1          "Silk Pants"                         18      10        0              26           0          30            70             0           0             0               0      0       0       1       0       0       0       0
12       4      0       2       2        1            1            1          "Wind Pants"                         30      14        0              32           0          30            80             0           0             0               0      0       0       1       0       0       0       0
13       4      0       2       2        1            1            1          "Spirit Pants"                       42      18        0              38           0          40            80             0           0             0               0      0       0       1       0       0       0       0
14       4      0       2       2        1            1            1          "Guardian Pants"                     54      25        0              45           0          40            80             0           0             0               0      0       0       1       0       0       0       0
15       4      0       2       2        1            1            1          "Storm Crow Pants"                   74      34        0              80           0          150           70             0           0             0               0      0       0       0       1       0       0       0
16       4      0       2       2        1            1            1          "Black Dragon Pants"                 84      40        0              74           0          170           60             0           0             0               0      0       1       0       0       0       0       0
17       4      0       2       2        1            1            1          "Dark Phoenix Pants"                 96      54        0              80           0          207           63             0           0             0               0      0       2       0       0       0       0       0
18       4      0       2       2        1            1            1          "Grand Soul Pants"                   86      30        0              67           0          59            20             0           0             0               0      2       0       0       0       0       0       0
19       4      0       2       2        1            1            1          "Divine Pants"                       88      39        0              74           0          50            110            0           0             0               0      0       0       2       0       0       0       0
20       4      0       2       2        1            1            1          "Thunder Hawk Pants"                 99      49        0              82           0          150           70             0           0             0               0      0       0       0       1       0       0       0
21       4      0       2       2        1            1            1          "Great Dragon Pants"                 113     65        0              86           0          200           58             0           0             0               0      0       2       0       0       0       0       0
22       4      0       2       2        1            1            1          "Dark Soul Pants"                    117     39        0              75           0          55            18             0           0             0               0      2       0       0       0       0       0       0
23       4      0       2       2        1            1            1          "Hurricane Pants"                    122     61        0              90           0          162           66             0           0             0               0      0       0       0       1       0       0       0
24       4      0       2       2        1            1            1          "Red Spirit Pants"                   100     48        0              80           0          52            115            0           0             0               0      0       0       2       0       0       0       0
25       4      0       2       2        1            1            1          "Light Plate Pants"                  50      21        0              42           0          70            20             0           0             0               0      0       0       0       0       1       0       0
26       4      0       2       2        1            1            1          "Adamantine Pants"                   70      26        0              56           0          77            21             0           0             0               0      0       0       0       0       1       0       0
27       4      0       2       2        1            1            1          "Dark Steel Pants"                   92      31        0              70           0          84            22             0           0             0               0      0       0       0       0       1       0       0
28       4      0       2       2        1            1            1          "Dark Master Pants"                  110     39        0              78           0          80            21             0           0             0               0      0       0       0       0       1       0       0
29       4      0       2       2        1            1            1          "Dragon Knight Pants"                134     78        0              90           380        170           60             0           0             0               0      0       2       0       0       0       0       0
30       4      0       2       2        1            1            1          "Venom Mist Pants"                   135     55        0              86           380        44            15             0           0             0               0      2       0       0       0       0       0       0
31       4      0       2       2        1            1            1          "Sylphid Ray Pants"                  135     61        0              86           380        38            80             0           0             0               0      0       0       2       0       0       0       0
32       4      0       2       2        1            1            1          "Volcano Pants"                      135     74        0              95           380        145           60             0           0             0               0      0       0       0       1       0       0       0

33       4      0       2       2        1            1            0          "Sunlight Pants"                     140     52        0              82           380        62            16             0           0             0               0      0       0       0       0       1       0       0
34       4      0       2       2        1            1            0          "Ashcrow Pants"                      69      33        0              72           0          160           50             0           0             0               0      0       1       0       0       0       0       0
35       4      0       2       2        1            1            0          "Eclipse Pants"                      69      25        0              54           0          53            12             0           0             0               0      1       0       0       0       0       0       0
36       4      0       2       2        1            1            0          "Iris Pants"                         69      32        0              59           0          50            70             0           0             0               0      0       0       1       0       0       0       0
37       4      0       2       2        1            1            0          "Valiant Pants"                      101     41        0              81           0          155           50             0           0             0               0      0       0       0       1       0       0       0
38       4      0       2       2        1            1            0          "Glorious Pants"                     101     35        0              74           0          80            21             0           0             0               0      0       0       0       0       1       0       0

39       4      0       2       2        1            1            0          "Violent Wind Pants"                 30      16        0              36           0          36            0              0           0             0               0      0       0       0       0       0       1       0
40       4      0       2       2        1            1            0          "Red Wing Pants"                     53      22        0              42           0          35            7              0           0             0               0      0       0       0       0       0       1       0
41       4      0       2       2        1            1            0          "Ancient Pants"                      72      28        0              54           0          49            16             0           0             0               0      0       0       0       0       0       1       0
42       4      0       2       2        1            1            0          "Demonic Pants"                      86      37        0              67           0          60            20             0           0             0               0      0       0       0       0       0       2       0
43       4      0       2       2        1            1            0          "Storm Blitz Pants"                  117     49        0              75           380        57            19             0           0             0               0      0       0       0       0       0       2       0
44		 4		0		2		2		 1		      1			   0	      "Lilium Pants"					   135	   59	     0			    86			 0		    84			  27			 0		     0			   0			   4	  0		  0		  0		  0		  0		  2		  0
45       4      0       2       2        1            1            0          "Titan  Pants"                       116     74        0              86           380        222           32             0           0             0               0      0       1       0       0       0       0       0
46       4      0       2       2        1            1            0          "Brave Pants"                        112     58        0              86           380        74            162            0           0             0               0      0       1       0       0       0       0       0
47       4      0       2       2        1            1            0          "Phantom  Pants"                     115     66        0              86           380        212           57             0           0             0               0      0       0       0       1       0       0       0
48       4      0       2       2        1            1            0          "Destroy Pants"                      113     51        0              86           380        62            19             165         0             0               0      0       0       0       1       0       0       0
49       4      0       2       2        1            1            0          "Seraphim Pants"                     116     53        0              86           380        55            197            0           0             0               0      0       0       1       0       0       0       0
50       4      0       2       2        1            1            0          "Divine Pants"                       109     46        0              86           380        32            29             138         0             0               0      0       0       1       0       0       0       0
51       4      0       2       2        1            1            0          "Royal Pants"                        116     46        0              86           380        105           38             0           0             0               0      0       0       0       0       1       0       0
52       4      0       2       2        1            1            0          "Hades Pants"                        114     44        0              86           380        60            15             181         0             0               0      1       0       0       0       0       0       0
53		 4		0		2		2		 1		      1	           0	      "Queen Pants"						   115	   94	     7				86	      	 380		65		      15		     0			 0			   0			   0      0       0       0       0       0       2       0
59       4      0       2       2        1            1            0          "Sacred Pants"                       62      33        0              52           0          85            0              0           75            0               0      0       0       0       0       0       0       1
60       4      0       2       2        1            1            0          "Storm Hard Pants"                   78      41        0              68           0          100           0              0           90            0               0      0       0       0       0       0       0       1
61       4      0       2       2        1            1            0          "Piercing Pants"                     95      49        0              82           0          115           0              0           100           0               0      0       0       0       0       0       0       1
62       4      0       2       2        0            0            0          "Lucky Scale Pants"                  25      18        0              255          1          0             0              0           0             0               0      0       1       0       1       1       0       1
63       4      0       2       2        0            0            0          "Lucky Silk Pants"                   18      13        0              255          1          0             0              0           0             0               0      0       0       1       0       0       0       0
64       4      0       2       2        0            0            0          "Lucky Sphinx Pants"                 34      19        0              255          1          0             0              0           0             0               0      1       0       0       0       0       0       0
65       4      0       2       2        0            0            0          "Lucky Violent Wind Pants"           30      20        0              255          1          0             0              0           0             0               0      0       0       0       0       0       1       0
66       4      0       2       2        0            0            0          "Lucky Dark Soul Pants"              70      31        0              255          150        0             0              0           0             0               0      0       0       0       0       1       0       0
67       4      0       2       2        0            0            0          "Lucky Dragon Pants"                 55      28        0              255          150        0             0              0           0             0               0      0       1       0       0       0       0       0
68       4      0       2       2        0            0            0          "Lucky Guardian Pants"               54      30        0              255          150        0             0              0           0             0               0      0       0       1       0       0       0       0
69       4      0       2       2        0            0            0          "Lucky Legendary Pants"              53      25        0              255          150        0             0              0           0             0               0      1       0       0       0       0       0       0
70       4      0       2       2        0            0            0          "Lucky Red Wing Pants"               53      26        0              255          150        0             0              0           0             0               0      0       0       0       0       0       1       0
71       4      0       2       2        0            0            0          "Lucky Atlans Pants"                 74      39        0              255          150        0             0              0           0             0               0      0       0       0       1       0       0       0
72       4      0       2       2        0            0            0          "Lucky Storm Hard Pants"             78      33        0              255          150        0             0              0           0             0               0      0       0       0       0       0       0       1
73		 4		0		2		2		 1		      1	           0	      "Phoenix Soul Pants"		           134	   68	     0	            88	         380	    97	          0		         0		     85	           0	           0	  0		  0		  0		  0		  0		  0		  1	
74       4      0       2       2        1            1            0          "Hollow Pants [C]"                   113     65        0              86           0          200           58             0           0             0               0      2       2       2       1       1       1       1
75       4      0       2       2        1            1            0          "Hollow Lady Pants [C]"              113     65        0              86           0          200           58             0           0             0               0      2       2       2       1       1       1       1
76       4      0       2       2        1            1            0          "Santa Pants [C]"                    90      38        0              86           0          200           58             0           0             0               0      2       2       2       1       1       1       1
77       4      0       2       2        1            1            0          "Santa Girl Pants [C]"               90      38        0              86           0          200           58             0           0             0               0      2       2       2       1       1       1       1
78       4      0       2       2        1            1            0          "San Valentin [M] Pants"             90      38        0              86           0          200           58             0           0             0               0      2       2       2       1       1       1       1
79       4      0       2       2        1            1            0          "San Valentin [F] Pants"             90      38        0              86           0          200           58             0           0             0               0      2       2       2       1       1       1       1
150      4      0       2       2        1            1            0          "San Valentin [M] Pants"             90      38        0              86           0          200           58             0           0             0               0      2       2       2       1       1       1       1
151      4      0       2       2        1            1            0          "San Valentin [F] Pants"             90      38        0              86           0          200           58             0           0             0               0      2       2       2       1       1       1       1
152      4      0       2       2        1            1            0          "Hollow Pants 2022 [C]"              113     65        0              86           0          200           58             0           0             0               0      2       2       2       1       1       1       1
153      4      0       2       2        1            1            0          "Hollow Lady Pants 2022 [C]"         113     65        0              86           0          200           58             0           0             0               0      2       2       2       1       1       1       1
154      4      0       2       2        1            1            0          "Snow Christmas Pants 2022 [C]"      90      38        0              86           0          200           58             0           0             0               0      2       2       2       1       1       1       1
155      4      0       2       2        1            1            0          "Aniversary 2023 Pants [E]"      	   90      38        0              86           0          200           58             0           0             0               0      2       2       2       1       1       1       1
156      4      0       2       2        1            1            0          "Aniversary 2023 Girl Pants [E]"     90      38        0              86           0          200           58             0           0             0               0      2       2       2       1       1       1       1
157      4      0       2       2        1            1            0          "Easter Bunny Girl Pants [C]"        90      38        0              86           0          200           58             0           0             0               0      2       2       2       1       1       1       1
158      4      0       2       2        1            1            0          "Easter Bunny Pants [C]"      	   90      38        0              86           0          200           58             0           0             0               0      2       2       2       1       1       1       1