0        1      0       2       2        1            1            1          "Small Shield"                       3       1         3                    22           0          70            0              0           0             0               0      1       1       1       1       1       0       0
1        1      0       2       2        1            1            1          "Horn Shield"                        9       3         9                    28           0          100           0              0           0             0               0      0       1       0       1       1       0       0
2        1      0       2       2        1            1            1          "Kite Shield"                        12      4         12                   32           0          110           0              0           0             0               0      0       1       0       1       1       0       0
3        1      0       2       2        1            1            1          "Elven Shield"                       21      8         21                   36           0          30            100            0           0             0               0      0       0       1       0       0       0       0
4        1      18      2       2        1            1            1          "Buckler"                            6       2         6                    24           0          80            0              0           0             0               0      1       1       1       1       1       0       0
5        1      18      2       2        1            1            1          "Dragon Slayer Shield"               35      10        36                   44           0          100           40             0           0             0               0      0       1       0       1       1       0       0
6        1      18      2       2        1            1            1          "Skull Shield"                       15      5         15                   34           0          110           0              0           0             0               0      1       1       1       1       1       0       0
7        1      18      2       2        1            1            1          "Spiked Shield"                      30      9         30                   40           0          130           0              0           0             0               0      0       1       0       1       1       0       0
8        1      18      2       2        1            1            1          "Tower Shield"                       40      11        40                   46           0          130           0              0           0             0               0      0       1       1       1       1       0       0
9        1      18      2       2        1            1            1          "Plate Shield"                       25      8         25                   38           0          120           0              0           0             0               0      0       1       0       1       1       0       0
10       1      18      2       2        1            1            1          "Large Round Shield"                 18      6         18                   35           0          120           0              0           0             0               0      0       1       0       1       1       0       0
11       1      18      2       2        1            1            1          "Serpent Shield"                     45      12        45                   48           0          130           0              0           0             0               0      0       1       1       1       1       0       0
12       1      18      2       2        1            1            1          "Bronze Shield"                      54      13        54                   52           0          140           0              0           0             0               0      0       1       0       1       0       0       0
13       1      18      2       2        1            1            1          "Dragon Shield"                      60      14        60                   60           0          120           40             0           0             0               0      0       1       0       1       0       0       0
14       1      0       2       3        1            1            1          "Legendary Shield"                   48      7         48                   50           0          90            25             0           0             0               0      1       0       1       1       0       0       0
15       1      0       2       3        1            1            1          "Grand Soul Shield"                  74      12        55                   55           0          70            23             0           0             0               0      2       0       0       0       0       0       0
16       1      0       2       2        1            1            1          "Elemental Shield"                   66      11        28                   51           0          30            60             30          0             0               0      0       0       2       0       0       0       0

17       1      18      2       2        1            1            0          "Crimson Glory"                      104     19        90                   51           380        95            48             0           0             0               0      0       2       0       0       0       0       0
18       1      18      2       2        1            1            0          "Salamander Shield"                  102     20        96                   51           380        80            61             0           0             0               0      0       0       0       1       0       0       0
19       1      0       2       2        1            1            0          "Frost Barrier"                      99      14        58                   51           380        26            53             26          0             0               0      0       0       2       0       0       0       0
20       1      18      2       2        1            1            0          "Guardian Shield"                    106     12        30                   51           380        54            18             0           0             0               0      2       0       0       0       0       0       0
21       1      18      2       2        1            1            0          "Cross Shield"                       70      16        75                   65           0          140           55             0           0             0               0      0       0       0       0       1       0       0
22       1      18      2       3        1            1            0          "Halloween Shield [C]"               74      12        55                   55           0          70            23             0           0             0               0      2       2       2       1       1       0       0
23       1      18      2       3        1            1            0          "Christmas Shield [C]"               74      12        55                   55           0          70            23             0           0             0               0      2       2       2       1       1       0       0
150      1      18      2       3        1            1            0          "San Valentin Shield"                74      12        55                   55           0          70            23             0           0             0               0      2       2       2       1       1       0       0
151      1      18      2       3        1            1            0          "Snow Christmas Shield 2022 [C]"     74      12        55                   55           0          70            23             0           0             0               0      2       2       2       1       1       0       0
152      1      18      2       3        1            1            0          "Aniversary 2023 Shield [E]"     	   74      12        55                   55           0          70            23             0           0             0               0      2       2       2       1       1       0       0
153      1      18      2       3        1            1            0          "Easter Bunny Shield [C]"     	   74      12        55                   55           0          70            23             0           0             0               0      2       2       2       1       1       0       0