0        5      0       2       2        1            1            1          "Bronze Gloves"                      13      4         4             34           0          80            20             0           0             0               0      0       1       0       1       1       0       0
1        5      0       2       2        1            1            1          "Dragon Gloves"                      52      14        6             68           0          120           30             0           0             0               0      0       1       0       1       0       0       0
2        5      0       2       2        1            1            1          "Pad Gloves"                         3       2         0             28           0          20            0              0           0             0               0      1       0       0       1       0       0       0
3        5      0       2       2        1            1            1          "Legendary Gloves"                   44      11        0             42           0          20            0              0           0             0               0      1       0       0       1       0       0       0
4        5      0       2       2        1            1            1          "Bone Gloves"                        14      5         0             30           0          20            0              0           0             0               0      1       0       0       1       0       0       0
5        5      0       2       2        1            1            1          "Leather Gloves"                     4       2         8             30           0          80            0              0           0             0               0      0       1       0       1       1       0       0
6        5      0       2       2        1            1            1          "Scale Gloves"                       22      7         10            40           0          110           0              0           0             0               0      0       1       0       1       1       0       0
7        5      0       2       2        1            1            1          "Sphinx Gloves"                      28      8         0             36           0          20            0              0           0             0               0      1       0       0       1       0       0       0
8        5      0       2       2        1            1            1          "Brass Gloves"                       32      9         8             44           0          100           30             0           0             0               0      0       1       0       1       0       0       0
9        5      0       2       2        1            1            1          "Plate Gloves"                       42      12        4             50           0          130           0              0           0             0               0      0       1       0       1       0       0       0
10       5      0       2       2        1            1            1          "Vine Gloves"                        4       2         4             22           0          30            60             0           0             0               0      0       0       1       0       0       0       0
11       5      0       2       2        1            1            1          "Silk Gloves"                        14      4         8             26           0          30            70             0           0             0               0      0       0       1       0       0       0       0
12       5      0       2       2        1            1            1          "Wind Gloves"                        26      6         10            32           0          30            80             0           0             0               0      0       0       1       0       0       0       0
13       5      0       2       2        1            1            1          "Spirit Gloves"                      38      9         4             38           0          40            80             0           0             0               0      0       0       1       0       0       0       0
14       5      0       2       2        1            1            1          "Guardian Gloves"                    50      15        6             45           0          40            80             0           0             0               0      0       0       1       0       0       0       0
15       5      0       2       2        1            1            1          "Storm Crow Gloves"                  70      20        6             80           0          150           70             0           0             0               0      0       0       0       1       0       0       0
16       5      0       2       2        1            1            1          "Black Dragon Gloves"                76      22        6             74           0          170           60             0           0             0               0      0       1       0       0       0       0       0
17       5      0       2       2        1            1            1          "Dark Phoenix Gloves"                86      37        6             80           0          205           63             0           0             0               0      0       2       0       0       0       0       0
18       5      0       2       2        1            1            1          "Grand Soul Gloves"                  70      20        5             67           0          49            10             0           0             0               0      2       0       0       0       0       0       0
19       5      0       2       2        1            1            1          "Divine Gloves"                      72      29        6             74           0          50            110            0           0             0               0      0       0       2       0       0       0       0
20       5      0       2       2        1            1            1          "Thunder Hawk Gloves"                88      34        7             82           0          150           70             0           0             0               0      0       0       0       1       0       0       0
21       5      0       2       2        1            1            1          "Great Dragon Gloves"                94      48        6             86           0          200           58             0           0             0               0      0       2       0       0       0       0       0
22       5      0       2       2        1            1            1          "Dark Soul Gloves"                   87      30        6             75           0          55            18             0           0             0               0      2       0       0       0       0       0       0
23       5      0       2       2        1            1            1          "Hurricane Gloves"                   102     45        7             90           0          162           66             0           0             0               0      0       0       0       1       0       0       0
24       5      0       2       2        1            1            1          "Red Spirit Gloves"                  84      38        6             80           0          52            115            0           0             0               0      0       0       2       0       0       0       0
25       5      0       2       2        1            1            1          "Light Plate Gloves"                 42      12        7             42           0          70            20             0           0             0               0      0       0       0       0       1       0       0
26       5      0       2       2        1            1            1          "Adamantine Gloves"                  57      18        6             56           0          77            21             0           0             0               0      0       0       0       0       1       0       0
27       5      0       2       2        1            1            1          "Dark Steel Gloves"                  75      21        5             70           0          84            22             0           0             0               0      0       0       0       0       1       0       0
28       5      0       2       2        1            1            1          "Dark Master Gloves"                 89      29        4             78           0          80            21             0           0             0               0      0       0       0       0       1       0       0
29       5      0       2       2        1            1            1          "Dragon Knight Gloves"               114     60        7             90           380        170           60             0           0             0               0      0       2       0       0       0       0       0
30       5      0       2       2        1            1            1          "Venom Mist Gloves"                  111     44        7             86           380        44            15             0           0             0               0      2       0       0       0       0       0       0
31       5      0       2       2        1            1            1          "Sylphid Ray Gloves"                 111     50        7             86           380        38            80             0           0             0               0      0       0       2       0       0       0       0
32       5      0       2       2        1            1            1          "Volcano Gloves"                     127     55        7             95           380        145           60             0           0             0               0      0       0       0       1       0       0       0
33       5      0       2       2        1            1            0          "Sunlight Gloves"                    110     40        5             82           380        62            16             0           0             0               0      0       0       0       0       1       0       0
34       5      0       2       2        1            1            0          "Ashcrow Gloves"                     61      18        6             72           0          160           50             0           0             0               0      0       1       0       0       0       0       0
35       5      0       2       2        1            1            0          "Eclipse Gloves"                     61      15        6             54           0          53            12             0           0             0               0      1       0       0       0       0       0       0
36       5      0       2       2        1            1            0          "Iris Gloves"                        61      22        6             59           0          50            70             0           0             0               0      0       0       1       0       0       0       0
37       5      0       2       2        1            1            0          "Valiant Gloves"                     91      27        7             81           0          155           50             0           0             0               0      0       0       0       1       0       0       0
38       5      0       2       2        1            1            0          "Glorious Gloves"                    91      25        5             74           0          80            21             0           0             0               0      0       0       0       0       1       0       0
39       5      0       2       2        1            1            0          "Violent Wind Gloves"                24      9         6             36           0          22            0              0           0             0               0      0       0       0       0       0       1       0
40       5      0       2       2        1            1            0          "Red Wing Gloves"                    44      13        8             42           0          18            4              0           0             0               0      0       0       0       0       0       1       0
41       5      0       2       2        1            1            0          "Ancient Gloves"                     61      19        7             54           0          52            16             0           0             0               0      0       0       0       0       0       1       0
42       5      0       2       2        1            1            0          "Demonic Gloves"                     70      26        6             67           0          50            10             0           0             0               0      0       0       0       0       0       2       0
43       5      0       2       2        1            1            0          "Storm Blitz Gloves"                 87      34        6             75           380        56            20             0           0             0               0      0       0       0       0       0       2       0
44		 5		0		2		2		 1		      1			   0	      "Lilium Gloves"					   110	   49	     0			   86			0		   84			 27				0		    0			  0			 	  4		 0		 0		 0		 0		 0		 2		 0
45       5      0       2       2        1            1            0          "Titan Gloves"                      100     56        7             86           380        222           32             0           0             0               0      0       1       0       0       0       0       0
46       5      0       2       2        1            1            0          "Brave Gloves"                       97      42        7             86           380        74            162            0           0             0               0      0       1       0       0       0       0       0
47       5      0       2       2        1            1            0          "Phantom Gloves"                    101     49        7             86           380        212           57             0           0             0               0      0       0       0       1       0       0       0
48       5      0       2       2        1            1            0          "Destroy Gloves"                     99      40        7             86           380        62            19             165         0             0               0      0       0       0       1       0       0       0
49       5      0       2       2        1            1            0          "Seraphim Gloves"                    100     43        7             86           380        55            197            0           0             0               0      0       0       1       0       0       0       0
50       5      0       2       2        1            1            0          "Divine Gloves"                      95      36        7             86           380        32            29             138         0             0               0      0       0       1       0       0       0       0
51       5      0       2       2        1            1            0          "Royal Gloves"                       101     34        7             86           380        105           38             0           0             0               0      0       0       0       0       1       0       0
52       5      0       2       2        1            1            0          "Hades Gloves"                       100     31        7             86           380        60            15             181         0             0               0      1       0       0       0       0       0       0
53		 5		0		2		2		 1		      1	           0	      "Queen Gloves"					   98	   73	     7			   86		    380		   65	         15		        0		    0			  0				  0      0       0       0       0       0       2       0
62       5      0       2       2        0            0            0          "Lucky Scale Gloves"                 22      10        10            255          1          0             0              0           0             0               0      0       1       0       0       1       0       1
63       5      0       2       2        0            0            0          "Lucky Silk Gloves"                  14      6         8             255          1          0             0              0           0             0               0      0       0       1       0       0       0       0
64       5      0       2       2        0            0            0          "Lucky Sphinx Gloves"                28      12        0             255          1          0             0              0           0             0               0      1       0       0       1       0       0       0
65       5      0       2       2        0            0            0          "Lucky Violent Wind Gloves"          24      13        6             255          1          0             0              0           0             0               0      0       0       0       0       0       1       0
66       5      0       2       2        0            0            0          "Lucky Dark Soul Gloves"             57      20        6             255          150        0             0              0           0             0               0      0       0       0       0       1       0       0
67       5      0       2       2        0            0            0          "Lucky Dragon Gloves"                52      19        6             255          150        0             0              0           0             0               0      0       1       0       0       0       0       0
68       5      0       2       2        0            0            0          "Lucky Guardian Gloves"              50      20        6             255          150        0             0              0           0             0               0      0       0       1       0       0       0       0
69       5      0       2       2        0            0            0          "Lucky Legendary Gloves"             44      16        0             255          150        0             0              0           0             0               0      1       0       0       0       0       0       0
70       5      0       2       2        0            0            0          "Lucky Red Wing Gloves"              44      18        8             255          150        0             0              0           0             0               0      0       0       0       0       0       1       0
71       5      0       2       2        0            0            0          "Lucky Atlans Gloves"                70      25        6             255          150        0             0              0           0             0               0      0       0       0       1       0       0       0
74       5      0       2       2        1            1            0          "Hollow Gloves [C]"                  94      48        6             86           0          200           58             0           0             0               0      2       2       2       1       1       1       1
75       5      0       2       2        1            1            0          "Hollow Lady Gloves [C]"             94      48        6             86           0          200           58             0           0             0               0      2       2       2       1       1       1       1
76       5      0       2       2        1            1            0          "Santa Gloves [C]"                   74      28        6             86           0          200           58             0           0             0               0      2       2       2       1       1       1       1
77       5      0       2       2        1            1            0          "Santa Girl Gloves [C]"              74      28        6             86           0          200           58             0           0             0               0      2       2       2       1       1       1       1
78       5      0       2       2        1            1            0          "San Valentin [M] Gloves"            74      28        6             86           0          200           58             0           0             0               0      2       2       2       1       1       1       1
79       5      0       2       2        1            1            0          "San Valentin [F] Gloves"            74      28        6             86           0          200           58             0           0             0               0      2       2       2       1       1       1       1
150      5      0       2       2        1            1            0          "San Valentin [M] Gloves"            74      28        6             86           0          200           58             0           0             0               0      2       2       2       1       1       1       1
151      5      0       2       2        1            1            0          "San Valentin [F] Gloves"            74      28        6             86           0          200           58             0           0             0               0      2       2       2       1       1       1       1
152      5      0       2       2        1            1            0          "Hollow Gloves 2022 [C]"             94      48        6             86           0          200           58             0           0             0               0      2       2       2       1       1       1       1
153      5      0       2       2        1            1            0          "Hollow Lady Gloves 2022 [C]"        94      48        6             86           0          200           58             0           0             0               0      2       2       2       1       1       1       1
154      5      0       2       2        1            1            0          "Snow Christmas Gloves 2022 [C]"     74      28        6             86           0          200           58             0           0             0               0      2       2       2       1       1       1       1
155      5      0       2       2        1            1            0          "Aniversary 2023 Gloves [E]"     	   74      28        6             86           0          200           58             0           0             0               0      2       2       2       1       1       1       1
156      5      0       2       2        1            1            0          "Aniversary 2023 Girl Gloves [E]"     74      28        6             86           0          200           58             0           0             0               0      2       2       2       1       1       1       1
157      5      0       2       2        1            1            0          "Easter Bunny Girl Gloves [C]"        74      28        6             86           0          200           58             0           0             0               0      2       2       2       1       1       1       1
158      5      0       2       2        1            1            0          "Easter Bunny Gloves [C]"     		   74      28        6             86           0          200           58             0           0             0               0      2       2       2       1       1       1       1