0        3      0       2       2        1            1            1          "Bronze Armor"                       18      14        0              34           0          80            20             0           0             0               0      0       1       0       1       1       0       0
1        3      0       2       3        1            1            1          "Dragon Armor"                       59      37        0              68           0          120           30             0           0             0               0      0       1       0       1       0       0       0
2        3      0       2       2        1            1            1          "Pad Armor"                          10      7         0              28           0          30            0              0           0             0               0      1       0       0       1       0       0       0
3        3      0       2       2        1            1            1          "Legendary Armor"                    56      22        0              42           0          40            0              0           0             0               0      1       0       0       1       0       0       0
4        3      0       2       2        1            1            1          "Bone Armor"                         22      13        0              30           0          40            0              0           0             0               0      1       0       0       1       0       0       0
5        3      0       2       3        1            1            1          "Leather Armor"                      10      10        0              30           0          80            0              0           0             0               0      0       1       0       1       1       0       0
6        3      0       2       2        1            1            1          "Scale Armor"                        28      18        0              40           0          110           0              0           0             0               0      0       1       0       1       1       0       1
7        3      0       2       3        1            1            1          "Sphinx Armor"                       38      17        0              36           0          40            0              0           0             0               0      1       0       0       1       0       0       0
8        3      0       2       2        1            1            1          "Brass Armor"                        38      22        0              44           0          100           30             0           0             0               0      0       1       0       1       0       0       1
9        3      0       2       2        1            1            1          "Plate Armor"                        48      30        0              50           0          130           0              0           0             0               0      0       1       0       1       0       0       1
10       3      0       2       2        1            1            1          "Vine Armor"                         10      8         0              22           0          30            60             0           0             0               0      0       0       1       0       0       0       0
11       3      0       2       2        1            1            1          "Silk Armor"                         20      12        0              26           0          30            70             0           0             0               0      0       0       1       0       0       0       0
12       3      0       2       2        1            1            1          "Wind Armor"                         32      16        0              32           0          30            80             0           0             0               0      0       0       1       0       0       0       0
13       3      0       2       2        1            1            1          "Spirit Armor"                       44      21        0              38           0          40            80             0           0             0               0      0       0       1       0       0       0       0
14       3      0       2       2        1            1            1          "Guardian Armor"                     57      29        0              45           0          40            80             0           0             0               0      0       0       1       0       0       0       0
15       3      0       2       3        1            1            1          "Storm Crow Armor"                   80      44        0              80           0          150           70             0           0             0               0      0       0       0       1       0       0       0
16       3      0       2       3        1            1            1          "Black Dragon Armor"                 90      48        0              74           0          170           60             0           0             0               0      0       1       0       0       0       0       0
17       3      0       2       3        1            1            1          "Dark Phoenix Armor"                 100     63        0              80           0          214           65             0           0             0               0      0       2       0       0       0       0       0
18       3      0       2       3        1            1            1          "Grand Soul Armor"                   91      33        0              67           0          59            20             0           0             0               0      2       0       0       0       0       0       0
19       3      0       2       2        1            1            1          "Divine Armor"                       92      44        0              74           0          50            110            0           0             0               0      0       0       2       0       0       0       0
20       3      0       2       3        1            1            1          "Thunder Hawk Armor"                 107     60        0              82           0          170           70             0           0             0               0      0       0       0       1       0       0       0
21       3      0       2       3        1            1            1          "Great Dragon Armor"                 126     75        0              86           0          200           58             0           0             0               0      0       2       0       0       0       0       0
22       3      0       2       3        1            1            1          "Dark Soul Armor"                    122     43        0              75           0          55            18             0           0             0               0      2       0       0       0       0       0       0
23       3      0       2       3        1            1            1          "Hurricane Armor"                    128     73        0              90           0          162           66             0           0             0               0      0       0       0       1       0       0       0
24       3      0       2       2        1            1            1          "Red Sprit Armor"                    109     55        0              80           0          52            115            0           0             0               0      0       0       2       0       0       0       0
25       3      0       2       3        1            1            1          "Light Plate Armor"                  62      25        0              42           0          70            20             0           0             0               0      0       0       0       0       1       0       0
26       3      0       2       3        1            1            1          "Adamantine Armor"                   78      36        0              56           0          77            21             0           0             0               0      0       0       0       0       1       0       0
27       3      0       2       3        1            1            1          "Dark Steel Armor"                   96      43        0              70           0          84            22             0           0             0               0      0       0       0       0       1       0       0
28       3      0       2       3        1            1            1          "Dark Master Armor"                  117     51        0              78           0          80            21             0           0             0               0      0       0       0       0       1       0       0
29       3      0       2       3        1            1            1          "Dragon Knight Armor"                140     88        0              90           380        170           60             0           0             0               0      0       2       0       0       0       0       0
30       3      0       2       3        1            1            1          "Venom Mist Armor"                   146     57        0              86           380        44            15             0           0             0               0      2       0       0       0       0       0       0
31       3      0       2       3        1            1            1          "Sylphid Ray Armor"                  146     68        0              86           380        38            80             0           0             0               0      0       0       2       0       0       0       0
32       3      0       2       3        1            1            1          "Volcano Armor"                      147     86        0              95           380        145           60             0           0             0               0      0       0       0       1       0       0       0

33       3      0       2       3        1            1            0          "Sunlight Armor"                     147     64        0              82           380        62            16             0           0             0               0      0       0       0       0       1       0       0
34       3      0       2       3        1            1            0          "Ashcrow Armor"                      75      42        0              72           0          160           50             0           0             0               0      0       1       0       0       0       0       0
35       3      0       2       3        1            1            0          "Eclipse Armor"                      75      27        0              54           0          53            12             0           0             0               0      1       0       0       0       0       0       0
36       3      0       2       3        1            1            0          "Iris Armor"                         75      36        0              59           0          50            70             0           0             0               0      0       0       1       0       0       0       0
37       3      0       2       3        1            1            0          "Valiant Armor"                      105     52        0              81           0          155           50             0           0             0               0      0       0       0       1       0       0       0
38       3      0       2       3        1            1            0          "Glorious Armor"                     105     47        0              74           0          80            21             0           0             0               0      0       0       0       0       1       0       0

39       3      0       2       2        1            1            0          "Violent Wind Armor"                 34      22        0              36           0          39            0              0           0             0               0      0       0       0       0       0       1       0
40       3      0       2       2        1            1            0          "Red Wing Armor"                     56      28        0              42           0          35            8              0           0             0               0      0       0       0       0       0       1       0
41       3      0       2       2        1            1            0          "Ancient Armor"                      75      35        0              54           0          52            16             0           0             0               0      0       0       0       0       0       1       0
42       3      0       2       2        1            1            0          "Demonic Armor"                      91      45        0              67           0          60            20             0           0             0               0      0       0       0       0       0       2       0
43       3      0       2       2        1            1            0          "Storm Blitz Armor"                  122     56        0              75           380        57            19             0           0             0               0      0       0       0       0       0       2       0
44		 3		0		2		2		 1		      1			   0	      "Lilium Armor"					   146	   66	     0			    86			 0		    84			  27			 0		     0			   0			   4	  0		  0		  0		  0		  0		  2		  0
45       3      0       2       3        1            1            0          "Titan Armor"                        132     81        0              86           380        222           32             0           0             0               0      0       1       0       0       0       0       0
46       3      0       2       3        1            1            0          "Brave Armor"                        128     62        0              86           380        74            162            0           0             0               0      0       1       0       0       0       0       0
47       3      0       2       3        1            1            0          "Phantom Armor"                      131     80        0              86           380        212           57             0           0             0               0      0       0       0       1       0       0       0
48       3      0       2       3        1            1            0          "Destroy Armor"                      125     66        0              86           380        62            19             165         0             0               0      0       0       0       1       0       0       0
49       3      0       2       2        1            1            0          "Seraphim Armor"                     129     60        0              86           380        55            197            0           0             0               0      0       0       1       0       0       0       0
50       3      0       2       2        1            1            0          "Divine Armor"                       122     52        0              86           380        32            29             138         0             0               0      0       0       1       0       0       0       0
51       3      0       2       3        1            1            0          "Royal Armor"                        132     58        0              86           380        105           38             0           0             0               0      0       0       0       0       1       0       0
52       3      0       2       3        1            1            0          "Hades Armor"                        129     50        0              86           380        60            15             181         0             0               0      1       0       0       0       0       0       0
53		 3		0		2		2		 1		      1	           0	      "Queen Armor"						   131	   98	     7				86		     380		65		      15		     0		  	 0			   0	  		   0      0       0       0       0       0       2       0
59       3      0       2       3        1            1            0          "Sacred Armor"                       66      43        0              52           0          85            0              0           75            0               0      0       0       0       0       0       0       1
60       3      0       2       3        1            1            0          "Storm Hard Armor"                   82      51        0              68           0          100           0              0           90            0               0      0       0       0       0       0       0       1
61       3      0       2       3        1            1            0          "Piercing Armor"                     101     59        0              82           0          115           0              0           100           0               0      0       0       0       0       0       0       1
62		 3		0		2		2		 0		      0	           0	      "Lucky Scale Armor"		           28	   21	     0	            255	         1		    0	          0		         0		     0	           0	           0	  0		  1		  0		  0		  1		  0		  1	
63		 3		0		2		2		 0		      0	           0	      "Lucky Silk Armor"		           20	   14	     0	            255	         1		    0	          0		         0		     0	           0	           0	  0		  0		  1		  0		  0		  0		  0	
64		 3		0		2		3		 0		      0	           0	      "Lucky Sphinx Armor"		           38	   19	     0	            255	         1		    0	          0		         0		     0	           0	           0	  1		  0		  0		  1		  0		  0		  0	
65		 3		0		2		2		 0		      0	           0	      "Lucky Violent Wind Armor"		   34	   26	     0	            255	         1		    0	          0		         0		     0	           0	           0	  0		  0		  0		  0		  0		  1		  0	
66		 3		0		2		3		 0		      0	           0	      "Lucky Dark Soul Armor"	           78	   39	     0	            255	         150	    0	          0		         0		     0	           0	           0	  0		  0		  0		  0		  1		  0		  0	
67		 3		0		2		3		 0		      0	           0	      "Lucky Dragon Armor"		           59	   42	     0	            255	         150	    0	          0		         0		     0	           0	           0	  0		  1		  0		  0		  0		  0		  0	
68		 3		0		2		2		 0		      0	           0	      "Lucky Guardian Armor"	           57	   29	     0	            255	         150	    0	          0		         0		     0	           0	           0	  0		  0		  1		  0		  0		  0		  0	
69		 3		0		2		2		 0		      0	           0	      "Lucky Legendary Armor"	           56	   24	     0	            255	         150	    0	          0		         0		     0	           0	           0	  1		  0		  0		  0		  0		  0		  0	
70		 3		0		2		2		 0		      0	           0	      "Lucky Red Wing Armor"	           56	   31	     0	            255	         150	    0	          0		         0		     0	           0	           0	  0		  0		  0		  0		  0		  1		  0	
71		 3		0		2		3		 0		      0	           0	      "Lucky Atlans Armor"		           80	   47	     0	            255	         150	    0	          0		         0		     0	           0	           0	  0		  0		  0		  1		  0		  0		  0	
72		 3		0		2		3		 0		      0	           0	      "Lucky Storm Hard Armor"	           82	   43	     0	            255	         150	    0	          0		         0		     0	           0	           0	  0		  0		  0		  0		  0		  0		  1	
73		 3		0		2		3		 1		      1	           0	      "Phoenix Soul Armor"		           143	   78	     0	            88	         380	    97	          0		         0		     85	           0	           0	  0		  0		  0		  0		  0		  0		  1
74       3      0       2       3        1            1            0          "Hollow Armor [C]"                   126     75        0              86           0          200           58             0           0             0               0      2       2       2       1       1       1       1
75       3      0       2       3        1            1            0          "Hollow Lady Armor [C]"              126     75        0              86           0          200           58             0           0             0               0      2       2       2       1       1       1       1
76       3      0       2       3        1            1            0          "Santa Armor [C]"                    95      45        0              86           0          200           58             0           0             0               0      2       2       2       1       1       1       1
77       3      0       2       3        1            1            0          "Santa Girl Armor [C]"               95      45        0              86           0          200           58             0           0             0               0      2       2       2       1       1       1       1
78       3      0       2       3        1            1            0          "San Valentin [M] Armor"             95      45        0              86           0          200           58             0           0             0               0      2       2       2       1       1       1       1
79       3      0       2       3        1            1            0          "San Valentin [F] Armor"             95      45        0              86           0          200           58             0           0             0               0      2       2       2       1       1       1       1
150      3      0       2       3        1            1            0          "San Valentin [M] Armor"             95      45        0              86           0          200           58             0           0             0               0      2       2       2       1       1       1       1
151      3      0       2       3        1            1            0          "San Valentin [F] Armor"             95      45        0              86           0          200           58             0           0             0               0      2       2       2       1       1       1       1
152      3      0       2       3        1            1            0          "Hollow Armor 2022 [C]"              126     75        0              86           0          200           58             0           0             0               0      2       2       2       1       1       1       1
153      3      0       2       3        1            1            0          "Hollow Lady Armor 2022 [C]"         126     75        0              86           0          200           58             0           0             0               0      2       2       2       1       1       1       1
154      3      0       2       3        1            1            0          "Snow Christmas Armor 2022 [C]"      95      45        0              86           0          200           58             0           0             0               0      2       2       2       1       1       1       1
155      3      0       2       3        1            1            0          "Aniversary 2023 Armor [E]"      	   95      45        0              86           0          200           58             0           0             0               0      2       2       2       1       1       1       1
156      3      0       2       3        1            1            0          "Aniversary 2023 Girl Armor [E]"     95      45        0              86           0          200           58             0           0             0               0      2       2       2       1       1       1       1
157      3      0       2       3        1            1            0          "Easter Bunny Girl Armor [C]"        95      45        0              86           0          200           58             0           0             0               0      2       2       2       1       1       1       1
158      3      0       2       3        1            1            0          "Easter Bunny Armor [C]"      	   95      45        0              86           0          200           58             0           0             0               0      2       2       2       1       1       1       1