0        2      0       2       2        1            1            1          "Bronze Helm"                        16      9         0              34           0          80            20             0           0             0               0      0       1       0       0       1       0       0
1        2      0       2       2        1            1            1          "Dragon Helm"                        57      24        0              68           0          120           30             0           0             0               0      0       1       0       0       0       0       0
2        2      0       2       2        1            1            1          "Pad Helm"                           5       4         0              28           0          20            0              0           0             0               0      1       0       0       0       0       0       0
3        2      0       2       2        1            1            1          "Legendary Helm"                     50      18        0              42           0          30            0              0           0             0               0      1       0       0       0       0       0       0
4        2      0       2       2        1            1            1          "Bone Helm"                          18      9         0              30           0          30            0              0           0             0               0      1       0       0       0       0       0       0
5        2      0       2       2        1            1            1          "Leather Helm"                       6       5         0              30           0          80            0              0           0             0               0      0       1       0       0       1       0       0
6        2      0       2       2        1            1            1          "Scale Helm"                         26      12        0              40           0          110           0              0           0             0               0      0       1       0       0       1       0       1
7        2      0       2       2        1            1            1          "Sphinx Mask"                        32      13        0              36           0          30            0              0           0             0               0      1       0       0       0       0       0       0
8        2      0       2       2        1            1            1          "Brass Helm"                         36      17        0              44           0          100           30             0           0             0               0      0       1       0       0       0       0       1
9        2      0       2       2        1            1            1          "Plate Helm"                         46      20        0              50           0          130           0              0           0             0               0      0       1       0       0       0       0       1
10       2      0       2       2        1            1            1          "Vine Helm"                          6       4         0              22           0          30            60             0           0             0               0      0       0       1       0       0       0       0
11       2      0       2       2        1            1            1          "Silk Helm"                          16      8         0              26           0          30            70             0           0             0               0      0       0       1       0       0       0       0
12       2      0       2       2        1            1            1          "Wind Helm"                          28      12        0              32           0          30            80             0           0             0               0      0       0       1       0       0       0       0
13       2      0       2       2        1            1            1          "Spirit Helm"                        40      16        0              38           0          40            80             0           0             0               0      0       0       1       0       0       0       0
14       2      0       2       2        1            1            1          "Guardian Helm"                      53      23        0              45           0          40            80             0           0             0               0      0       0       1       0       0       0       0
16       2      0       2       2        1            1            1          "Black Dragon Helm"                  82      30        0              74           0          170           60             0           0             0               0      0       1       0       0       0       0       0
17       2      0       2       2        1            1            1          "Dark Phoenix Helm"                  92      43        0              80           0          205           62             0           0             0               0      0       2       0       0       0       0       0
18       2      0       2       2        1            1            1          "Grand Soul Helm"                    81      27        0              67           0          59            20             0           0             0               0      2       0       0       0       0       0       0
19       2      0       2       2        1            1            1          "Divine Helm"                        85      37        0              74           0          50            110            0           0             0               0      0       0       2       0       0       0       0
21       2      0       2       2        1            1            1          "Great Dragon Helm"                  104     53        0              86           0          200           58             0           0             0               0      0       2       0       0       0       0       0
22       2      0       2       2        1            1            1          "Dark Soul Helm"                     110     36        0              75           0          55            18             0           0             0               0      2       0       0       0       0       0       0
24       2      0       2       2        1            1            1          "Red Spirit Helm"                    93      46        0              80           0          52            115            0           0             0               0      0       0       2       0       0       0       0
25       2      0       2       2        1            1            1          "Light Plate Mask"                   46      20        0              42           0          70            20             0           0             0               0      0       0       0       0       1       0       0
26       2      0       2       2        1            1            1          "Adamantine Mask"                    66      24        0              56           0          77            21             0           0             0               0      0       0       0       0       1       0       0
27       2      0       2       2        1            1            1          "Dark Steel Mask"                    86      26        0              70           0          84            22             0           0             0               0      0       0       0       0       1       0       0
28       2      0       2       2        1            1            1          "Dark Master Mask"                   106     34        0              78           0          80            21             0           0             0               0      0       0       0       0       1       0       0
29       2      0       2       2        1            1            1          "Dragon Knight Helm"                 130     66        0              90           380        170           60             0           0             0               0      0       2       0       0       0       0       0
30       2      0       2       2        1            1            1          "Venom Mist Helm"                    126     48        0              86           380        44            15             0           0             0               0      2       0       0       0       0       0       0
31       2      0       2       2        1            1            1          "Sylphid Ray Helm"                   126     57        0              86           380        38            80             0           0             0               0      0       0       2       0       0       0       0

33       2      0       2       2        1            1            0          "Sunlight Mask"                      130     46        0              82           380        62            16             0           0             0               0      0       0       0       0       1       0       0
34       2      0       2       2        1            1            0          "Ashcrow Helm"                       67      27        0              72           0          160           50             0           0             0               0      0       1       0       0       0       0       0
35       2      0       2       2        1            1            0          "Eclipse Helm"                       67      22        0              54           0          53            12             0           0             0               0      1       0       0       0       0       0       0
36       2      0       2       2        1            1            0          "Iris Helm"                          67      30        0              59           0          50            70             0           0             0               0      0       0       1       0       0       0       0
38       2      0       2       2        1            1            0          "Glorious Mask"                      97      30        0              74           0          80            21             0           0             0               0      0       0       0       0       1       0       0

39       2      0       2       2        1            1            0          "Violent Wind Helm"                  28      13        0              36           0          31            0              0           0             0               0      0       0       0       0       0       1       0
40       2      0       2       2        1            1            0          "Red Wing Helm"                      50      18        0              42           0          26            4              0           0             0               0      0       0       0       0       0       1       0
41       2      0       2       2        1            1            0          "Ancient Helm"                       68      24        0              54           0          52            16             0           0             0               0      0       0       0       0       0       1       0
42       2      0       2       2        1            1            0          "Demonic Helm"                       81      32        0              67           0          60            20             0           0             0               0      0       0       0       0       0       2       0
43       2      0       2       2        1            1            0          "Storm Blitz Helm"                   110     43        0              75           380        56            20             0           0             0               0      0       0       0       0       0       2       0
44		 2		0		2		2		 1		      1			   0	      "Lilium Helm"						   126	   54	     0			    86			 0		    84			  27			 0		     0			   0			   4	  0		  0		  0		  0		  0		  2		  0
45       2      0       2       2        1            1            0          "Titan Helm"                         111     63        0              86           380        222           32             0           0             0               0      0       1       0       0       0       0       0
46       2      0       2       2        1            1            0          "Brave Helm"                         107     51        0              86           380        74            162            0           0             0               0      0       1       0       0       0       0       0
49       2      0       2       2        1            1            0          "Seraphim Helm"                      111     50        0              86           380        55            197            0           0             0               0      0       0       1       0       0       0       0
50       2      0       2       2        1            1            0          "Divine Helm"                        104     44        0              86           380        32            29             138         0             0               0      0       0       1       0       0       0       0
51       2      0       2       2        1            1            0          "Royal Mask"                         111     44        0              86           380        105           38             0           0             0               0      0       0       0       0       1       0       0
52       2      0       2       2        1            1            0          "Hades Helm"                         109     41        0              86           380        60            15             181         0             0               0      1       0       0       0       0       0       0
53	 	 2		0		2		2		 1		      1	           0	      "Queen Pants"						   112	   98	     7			    86	         380	    65	          15	         0		     0			   0			   0      0       0       0       0       0       2       0
59       2      0       2       2        1            1            0          "Sacred Helm"                        54      24        0              52           0          85            0              0           75            0               0      0       0       0       0       0       0       1
60       2      0       2       2        1            1            0          "Storm Hard Helm"                    70      32        0              68           0          100           0              0           90            0               0      0       0       0       0       0       0       1
61       2      0       2       2        1            1            0          "Piercing Helm"                      90      45        0              82           0          115           0              0           100           0               0      0       0       0       0       0       0       1
62		 2		0		2		2		 0		      0	           0	      "Lucky Scale Helm"	         	   26	   16	     0	            255	         1	    	0	          0		         0		     0	           0	           0	  0		  1		  0		  0		  1		  0		  1	
63		 2		0		2		2		 0		      0	           0	      "Lucky Silk Helm"	                   16	   11	     0	            255	         1	    	0	          0		         0		     0	           0	           0	  0		  0		  1		  0		  0		  0		  0	
64		 2		0		2		2		 0		      0	           0	      "Lucky Sphinx Helm"		           32	   17	     0	            255	         1	    	0	          0		         0		     0	           0	           0	  1		  0		  0		  0		  0		  0		  0	
65		 2		0		2		2		 0		      0	           0	      "Lucky Violent Wind Helm"	           28	   17	     0	            255	         1	    	0	          0		         0		     0	           0	           0	  0		  0		  0		  0		  0		  1		  0	
66		 2		0		2		2		 0		      0	           0	      "Lucky Dark Soul Helm"	           66	   29	     0	            255	         150	    0	          0		         0		     0	           0	           0	  0		  0		  0		  0		  1		  0		  0	
67		 2		0		2		2		 0		      0	           0	      "Lucky Dragon Helm"		           57	   29	     0	            255	         150	    0	          0		         0		     0	           0	           0	  0		  1		  0		  0		  0		  0		  0	
68		 2		0		2		2		 0		      0	           0	      "Lucky Guardian Helm"		           53	   28	     0	            255	         150	    0	          0		         0		     0	           0	           0	  0		  0		  1		  0		  0		  0		  0	
69		 2		0		2		2		 0		      0	           0	      "Lucky Legendary Helm"	           50	   23	     0	            255	         150	    0	          0		         0		     0	           0	           0	  1		  0		  0		  0		  0		  0		  0	
70		 2		0		2		2		 0		      0	           0	      "Lucky Red Wing Helm"		           50	   20	     0	            255	         150	    0	          0		         0		     0	           0	           0	  0		  0		  0		  0		  0		  1		  0	
72		 2		0		2		2		 0		      0	           0	      "Lucky Storm Hard Helm"	           70	   32	     0	            255	         150	    0	          0		         0		     0	           0	           0	  0		  0		  0		  0		  0		  0		  1	
73		 2		0		2		2		 1		      1	           0	      "Phoenix Soul Helm"		           128	   60	     0	            88	         380	    97	          0		         0		     85	           0	           0	  0		  0		  0		  0		  0		  0		  1	
74       2      0       2       2        1            1            0          "Hollow Helm [C]"                    104     53        0              86           0          200           58             0           0             0               0      2       2       2       0       1       1       1
75       2      0       2       2        1            1            0          "Hollow Lady Helm [C]"               104     53        0              86           0          200           58             0           0             0               0      2       2       2       0       1       1       1
76       2      0       2       2        1            1            0          "Santa Helm [C]"                     80      36        0              86           0          200           58             0           0             0               0      2       2       2       0       1       1       1
77       2      0       2       2        1            1            0          "Santa Girl Helm [C]"                80      36        0              86           0          200           58             0           0             0               0      2       2       2       0       1       1       1
78       2      0       2       2        1            1            0          "San Valentin [M] Helm"              80      36        0              86           0          200           58             0           0             0               0      2       2       2       0       1       1       1
79       2      0       2       2        1            1            0          "San Valentin [F] Helm"              80      36        0              86           0          200           58             0           0             0               0      2       2       2       0       1       1       1
150      2      0       2       2        1            1            0          "San Valentin [M] Helm"              80      36        0              86           0          200           58             0           0             0               0      2       2       2       0       1       1       1
151      2      0       2       2        1            1            0          "San Valentin [F] Helm"              80      36        0              86           0          200           58             0           0             0               0      2       2       2       0       1       1       1
152      2      0       2       2        1            1            0          "Hollow Helm 2022 [C]"               104     53        0              86           0          200           58             0           0             0               0      2       2       2       0       1       1       1
153      2      0       2       2        1            1            0          "Hollow Lady Helm 2022 [C]"          104     53        0              86           0          200           58             0           0             0               0      2       2       2       0       1       1       1
154      2      0       2       2        1            1            0          "Snow Christmas Helm 2022 [C]"       80      36        0              86           0          200           58             0           0             0               0      2       2       2       0       1       1       1
155      2      0       2       2        1            1            0          "Aniversary 2023 Helm[C]"   		   80      36        0              86           0          200           58             0           0             0               0      2       2       2       0       1       1       1
156      2      0       2       2        1            1            0          "Aniversary 2023 Girl Helm[E]"       80      36        0              86           0          200           58             0           0             0               0      2       2       2       0       1       1       1
157      2      0       2       2        1            1            0          "Easter Bunny Girl Helm [C]"   	   80      36        0              86           0          200           58             0           0             0               0      2       2       2       0       1       1       1
158      2      0       2       2        1            1            0          "Easter Bunny Helm [C]"         	   80      36        0              86           0          200           58             0           0             0               0      2       2       2       0       1       1       1