0        0      22      2       4        1            1            1          "Light Spear"                        42      50          63          25            56           0                 0                 0          60            70             0           0             0               0      0       1       1       1       0       0       0
1        0      0       2       4        1            1            1          "Spear"                              23      30          41          30            42           0                 0                 0          70            50             0           0             0               0      0       1       1       1       0       0       0
2        0      0       2       4        1            1            1          "Dragon Lance"                       15      21          33          30            34           0                 0                 0          70            50             0           0             0               0      0       1       1       1       0       0       0
3        0      0       2       4        1            1            1          "Giant Trident"                      29      35          43          25            44           0                 0                 0          90            30             0           0             0               0      0       1       1       1       0       0       0
4        0      20      2       4        1            1            1          "Serpent Spear"                      46      58          80          20            58           0                 0                 0          90            30             0           0             0               0      0       1       1       1       0       0       0
5        0      0       2       4        1            1            1          "Double Poleaxe"                     13      19          31          30            38           0                 0                 0          70            50             0           0             0               0      0       1       1       1       0       0       0
6        0      0       2       4        1            1            1          "Halberd"                            19      25          35          30            40           0                 0                 0          70            50             0           0             0               0      0       1       1       1       0       0       0
7        0      22      2       4        1            1            1          "Berdysh"                            37      42          54          30            54           0                 0                 0          80            50             0           0             0               0      0       1       1       1       0       0       0
8        0      22      2       4        1            1            1          "Great Scythe"                       54      71          92          25            68           0                 0                 0          90            50             0           0             0               0      0       1       1       1       0       0       0
9        0      22      2       4        1            1            1          "Bill of Balrog"                     63      76          102         25            74           0                 0                 0          80            50             0           0             0               0      0       1       1       1       0       0       0
10       0      22      2       4        1            1            1          "Dragon Spear"                       92      112         140         35            85           0                 0                 0          170           60             0           0             0               0      0       2       0       0       0       0       0
11       0      22      2       4        1            1            0          "Brova"                              147     190         226         40            90           0                 0                 0          152           25             0           0             0               0      0       2       0       1       0       0       0
150      0      22      2       4        1            1            0          "Easter Bunny Spear [C]"             147     190         226         40            90           0                 0                 0          152           25             0           0             0               0      0       2       0       1       0       0       0