0        0      0       1       3        1            1            1          "Skull Staff"                        6       3           4           20            0            20                6                 0          40            0              0           0             0               0      1       0       0       1       0       1       0
1        0      0       2       3        1            1            1          "Angelic Staff"                      18      10          12          25            0            38                20                0          50            0              0           0             0               0      1       0       0       1       0       0       0
2        0      0       2       3        1            1            1          "Serpent Staff"                      30      17          18          25            0            50                34                0          50            0              0           0             0               0      1       0       0       1       0       0       0
3        0      0       2       4        1            1            1          "Thunder Staff"                      42      23          25          25            0            60                46                0          40            10             0           0             0               0      1       0       0       1       0       0       0
4        0      0       2       4        1            1            1          "Gorgon Staff"                       52      29          32          25            0            65                58                0          50            0              0           0             0               0      1       0       0       1       0       0       0
5        0      0       1       4        1            1            1          "Legendary Staff"                    59      29          31          25            0            66                59                0          50            0              0           0             0               0      1       0       0       1       0       0       0
6        0      0       1       4        1            1            1          "Staff of Resurrection"              70      35          39          25            0            70                70                0          60            10             0           0             0               0      1       0       0       1       0       0       0
7        0      0       2       4        1            1            0          "Chaos Lighting Staff"               75      47          48          30            0            70                94                0          60            10             0           0             0               0      1       0       0       1       0       0       0
8        0      0       2       4        1            1            1          "Staff of Destruction"               90      50          54          30            0            85                101               0          60            10             0           0             0               0      1       0       0       1       0       0       0
9        0      0       1       4        1            1            1          "Dragon Soul Staff"                  100     46          48          30            0            91                92                0          52            16             0           0             0               0      2       0       0       0       0       0       0
10       0      0       1       4        1            1            0          "Divine Staff of Archangel"          104     153         165         30            0            182               156               0          36            4              0           0             0               0      1       0       0       1       0       0       0
11       0      0       1       4        1            1            1          "Staff of Kundun"                    140     55          61          30            0            95                110               0          45            16             0           0             0               0      2       0       0       1       0       0       0
12       0      0       1       4        1            1            1          "Grand Viper Staff"                  147     66          74          30            0            100               130               380        39            13             0           0             0               0      2       0       0       0       0       0       0
13       0      0       1       4        1            1            0          "Platina Staff"                      110     51          53          30            0            78                120               0          50            16             0           0             0               0      2       0       0       0       0       0       0
14       0      0       1       4        1            1            0          "Mystery Stick"                      28      17          18          25            0            50                34                0          34            14             0           0             0               0      0       0       0       0       0       1       0
15       0      0       1       4        1            1            0          "Violent Wind Stick"                 42      23          25          25            0            60                46                0          33            17             0           0             0               0      0       0       0       0       0       1       0
16       0      0       1       4        1            1            0          "Red Wing Stick"                     59      29          31          25            0            65                59                0          36            14             0           0             0               0      0       0       0       0       0       1       0
17       0      0       1       4        1            1            0          "Ancient Stick"                      78      38          40          25            0            81                76                0          50            19             0           0             0               0      0       0       0       0       0       1       0
18       0      0       1       4        1            1            0          "Demonic Stick"                      100     46          48          30            0            91                92                0          54            15             0           0             0               0      0       0       0       0       0       2       0
19       0      0       1       4        1            1            0          "Storm Blitz Stick"                  110     51          53          30            0            95                110               380        64            15             0           0             0               0      0       0       0       0       0       2       0
20	 	 0		0		1		4	 	 1	     	  1			   0	      "Lilium Staff"					   147	   56	       58		   25			 0		      96				113				  0		     60			   16			  0		      0			    0			    0	   0	   0	   0	   0	   0	   2	   0
21       1      223     1       2        1            1            0          "Book of Samut"                      52      0           0           25            0            60                46                0          0             20             135         0             0               0      0       0       0       0       0       1       0
22       1      224     1       2        1            1            0          "Book of Neil"                       59      0           0           25            0            65                59                0          0             25             168         0             0               0      0       0       0       0       0       1       0
23       1      225     1       2        1            1            0          "Book of Lagle"                      65      0           0           25            0            50                72                0          0             30             201         0             0               0      0       0       0       0       0       1       0
30       0      0       1       4        1            1            0          "Deadly Staff"                       138     57          59          30            0            91                126               380        47            18             0           0             0               0      0       0       0       1       0       0       0
31       0      0       1       4        1            1            0          "Inberial Staff"                     137     57          61          30            0            182               124               380        48            14             0           0             0               0      2       0       0       0       0       0       0
32		 0		0		1		4		 1		      1			   0	      "Merlin Staff"					   130	   170	       195		   30			 0		      182				135				  380	     53			   15			  0		      0			    0			    0	   0	   0	   0	   0	   0	   2	   0
33       0      0       1       4        1            1            0          "Chromatic Staff"                    147     55          57          30            0            78                124               0          50            12             0           0             0               0      2       0       0       1       0       0       0
34       0      0       1       4        1            1            0          "Raven Stick"                        147     70          78          30            0            98                130               0          50            14             0           0             0               0      0       0       0       0       0       2       0
36		 0		0		1		4		 0		      0	           0	      "Divine Stick of Archangel"		   104	   153	       165		   30	         0		      182		        146		          0		     55	           13	          0		      0	            0	            0	   0	   0	   0	   0	   0	   1	   0
37       0      0       1       4        1            1            0          "Halloween Staff [C]"                110     45          74          30            0            100               130               380        39            13             0           0             0               0      2       0       0       1       0       0       0
38       0      0       1       4        1            1            0          "Christmas Staff [C]"                110     45          74          30            0            100               130               380        39            13             0           0             0               0      2       0       0       1       0       0       0
100      0      0       1       4        1            1            0          "Christmas Staff [C]"                110     45          74          30            0            100               130               380        39            13             0           0             0               0      2       0       0       1       0       0       0
151      0      0       1       4        1            1            0          "Halloween Staff 2022 [C]"           110     45          74          30            0            100               130               380        39            13             0           0             0               0      2       0       0       1       0       0       0
152      0      0       1       4        1            1            0          "Aniversary 2023 Staff [E]"          110     45          74          30            0            100               130               380        39            13             0           0             0               0      2       0       0       1       0       0       0
153      0      0       1       4        1            1            0          "Easter Bunny Staff [C]"             110     45          74          30            0            100               130               380        39            13             0           0             0               0      2       0       0       1       0       0       0